0.288083546	0.18755553
0.288083546	0.18755553	
0.288083546	0.18755553	
0.885160481	0.686236345
0.563869367	0.874687285
0.661182892	0.809100784
0.867105468	0.721705016
0.597257913	0.182426865
0.506314389	0.601774489
0.761665384	0.831699161
0.681675856	0.761981439
0.344683308	0.929554369
0.501067082	0.535024183
0.546641427	0.678969422
0.911091915	0.599564334
0.321900685	0.550182682
0.302812398	0.457163263
0.971783977	0.786586459
0.573407388	0.305302621
0.502662621	0.422346766
0.93158269	0.694481488
0.305219416	0.949326148
0.629448132	0.794571173

